Capture time: 2025-10-15_13-13-04
GPS time: 2025-10-15_13-13-04
Latitude: 25.3118521
Longitude: 55.4919569
Altitude: -0.29 m
