Capture time: 2025-10-21_09-50-03
GPS time: 2025-10-21_09-50-03
Latitude: 25.3119998
Longitude: 55.4914559
Altitude: 2.26 m
