Capture time: 2025-10-21_09-50-13
GPS time: 2025-10-21_09-50-13
Latitude: 25.3120059
Longitude: 55.4914266
Altitude: 2.21 m
