Capture time: 2025-10-15_13-13-06
GPS time: 2025-10-15_13-13-06
Latitude: 25.3118516
Longitude: 55.4919574
Altitude: -0.20 m
