Capture time: 2025-10-15_13-13-01
GPS time: 2025-10-15_13-13-01
Latitude: 25.3118551
Longitude: 55.4919515
Altitude: -0.36 m
