Capture time: 2025-10-21_11-24-04
GPS time: 2025-10-21_11-24-04
Latitude: 25.3118754
Longitude: 55.4917344
Altitude: 2.69 m
