Latitude: 25.3118839
Longitude: 55.4919027
Altitude: -0.16 m
