Capture time: 2025-10-21_11-24-00
GPS time: 2025-10-21_11-24-00
Latitude: 25.3118818
Longitude: 55.4917197
Altitude: 2.76 m
