Capture time: 2025-10-21_09-49-55
GPS time: 2025-10-21_09-49-55
Latitude: 25.3119851
Longitude: 55.4914912
Altitude: 2.28 m
