Capture time: 2025-10-15_13-13-03
GPS time: 2025-10-15_13-13-03
Latitude: 25.3118530
Longitude: 55.4919553
Altitude: -0.32 m
