Capture time: 2025-10-15_13-13-07
GPS time: 2025-10-15_13-13-07
Latitude: 25.3118511
Longitude: 55.4919594
Altitude: -0.21 m
