Latitude: 25.3118837
Longitude: 55.4919036
Altitude: -0.12 m
