Capture time: 2025-10-15_13-08-17
GPS time: 2025-10-15_13-08-17
Latitude: 25.3118658
Longitude: 55.4919078
Altitude: 0.05 m
