Capture time: 2025-10-21_10-29-04
GPS time: 2025-10-21_10-29-04
Latitude: 25.3119317
Longitude: 55.4917580
Altitude: 0.08 m
