Capture time: 2025-10-15_13-13-09
GPS time: 2025-10-15_13-13-09
Latitude: 25.3118500
Longitude: 55.4919617
Altitude: -0.20 m
